# Time-averaged data for fix SSS
# TimeStep v_StressGPa v_separation v_Strain
1000 -8.69893 5.12272 0.0005005
2000 -10.5598 5.14641 0.0015005
3000 -11.255 5.16052 0.0025005
4000 -12.0103 5.17505 0.0035005
5000 -12.8339 5.1906 0.0045005
6000 -13.5993 5.20618 0.0055005
7000 -14.3682 5.22234 0.0065005
8000 -15.082 5.23835 0.0075005
9000 -15.8038 5.25497 0.0085005
10000 -16.5108 5.27286 0.0095005
11000 -17.1231 5.29054 0.0105005
12000 -17.7414 5.30999 0.0115005
13000 -18.3315 5.32937 0.0125005
14000 -18.9117 5.34895 0.0135005
15000 -19.5059 5.37031 0.0145005
16000 -20.044 5.39221 0.0155005
17000 -20.5156 5.41457 0.0165005
18000 -20.9372 5.43851 0.0175005
19000 -21.3333 5.46283 0.0185005
20000 -21.6969 5.49034 0.0195005
21000 -21.9949 5.51852 0.0205005
22000 -22.2005 5.54852 0.0215005
23000 -22.3285 5.58143 0.0225005
24000 -22.3286 5.61708 0.0235005
25000 -22.166 5.65718 0.0245005
26000 -21.855 5.70137 0.0255005
27000 -21.3679 5.74965 0.0265005
28000 -20.7247 5.8035 0.0275005
29000 -19.9119 5.86212 0.0285005
30000 -18.96 5.92729 0.0295005
31000 -17.8919 5.99865 0.0305005
32000 -16.7247 6.07774 0.0315005
33000 -15.5022 6.16554 0.0325005
34000 -14.2298 6.26105 0.0335005
35000 -12.9478 6.36391 0.0345005
36000 -11.6893 6.47426 0.0355005
37000 -10.4579 6.59187 0.0365005
38000 -9.30055 6.71591 0.0375005
39000 -8.21732 6.84584 0.0385005
40000 -7.22674 6.97976 0.0395005
41000 -6.29535 7.11757 0.0405005
42000 -5.42354 7.25772 0.0415005
43000 -4.64624 7.40106 0.0425005
44000 -4.00714 7.54545 0.0435005
45000 -3.44429 7.68997 0.0445005
46000 -2.96056 7.83657 0.0455005
47000 -2.56307 7.98377 0.0465005
48000 -2.20909 8.12933 0.0475005
49000 -1.91007 8.27431 0.0485005
50000 -1.65689 8.42011 0.0495005
51000 -1.43499 8.56648 0.0505005
52000 -1.23919 8.71264 0.0515005
53000 -1.06773 8.85815 0.0525005
54000 -0.904833 9.00137 0.0535005
55000 -0.780466 9.14333 0.0545005
56000 -0.66327 9.28393 0.0555005
57000 -0.567093 9.42444 0.0565005
58000 -0.511204 9.5646 0.0575005
59000 -0.477577 9.70464 0.0585005
60000 -0.455741 9.84274 0.0595005
61000 -0.431721 9.98039 0.0605005
62000 -0.40789 10.1164 0.0615005
63000 -0.379498 10.2512 0.0625005
64000 -0.348056 10.3857 0.0635005
65000 -0.318853 10.5189 0.0645005
66000 -0.287455 10.6525 0.0655005
67000 -0.25638 10.7852 0.0665005
68000 -0.22783 10.9175 0.0675005
69000 -0.200579 11.0487 0.0685005
70000 -0.156087 11.1796 0.0695005
71000 -0.102242 11.31 0.0705005
72000 -0.0938252 11.4401 0.0715005
73000 -0.0934192 11.5701 0.0725005
74000 -0.0947081 11.6985 0.0735005
75000 -0.0971635 11.8262 0.0745005
76000 -0.100767 11.9534 0.0755005
77000 -0.10428 12.0797 0.0765005
78000 -0.0862961 12.2052 0.0775005
79000 -0.0759449 12.3314 0.0785005
80000 -0.0772089 12.4589 0.0795005
81000 -0.0819667 12.5847 0.0805005
82000 -0.0708337 12.7091 0.0815005
83000 -0.0492917 12.8346 0.0825005
84000 -0.0484637 12.9593 0.0835005
85000 -0.0503138 13.083 0.0845005
86000 -0.0521939 13.2073 0.0855005
87000 -0.0556267 13.3317 0.0865005
88000 -0.0602043 13.4556 0.0875005
89000 -0.0633464 13.5794 0.0885005
90000 -0.066455 13.7029 0.0895005
91000 -0.068711 13.8269 0.0905005
92000 -0.0677514 13.9498 0.0915005
93000 -0.0303663 14.0717 0.0925005
94000 -0.0247733 14.193 0.0935005
95000 -0.020239 14.3155 0.0945005
96000 -0.0198106 14.439 0.0955005
97000 -0.021303 14.5615 0.0965005
98000 -0.0219962 14.6833 0.0975005
99000 -0.0213676 14.8059 0.0985005
100000 -0.0216027 14.928 0.0995005
101000 -0.0226315 15.0485 0.100501
102000 -0.0233071 15.1684 0.101501
103000 -0.0231349 15.2892 0.102501
104000 -0.0239296 15.4099 0.103501
105000 -0.0242833 15.5303 0.104501
106000 -0.0218297 15.6518 0.1055
107000 -0.0226769 15.7721 0.106501
108000 -0.0221038 15.8921 0.107501
109000 -0.022006 16.0121 0.1085
110000 -0.0247968 16.1302 0.109501
111000 -0.0230101 16.2494 0.110501
112000 -0.0240762 16.3681 0.111501
113000 -0.022434 16.4868 0.112501
114000 -0.0214857 16.606 0.113501
115000 -0.0232043 16.7246 0.114501
116000 -0.0242551 16.8426 0.115501
117000 -0.0251525 16.9603 0.116501
118000 -0.0234641 17.0777 0.1175
119000 -0.0246623 17.195 0.118501
120000 -0.0241349 17.3119 0.1195
121000 -0.0258264 17.4281 0.120501
122000 -0.0261014 17.5444 0.121501
123000 -0.0243599 17.6616 0.1225
124000 -0.0240183 17.7791 0.1235
125000 -0.0232947 17.897 0.124501
126000 -0.023222 18.0148 0.125501
127000 -0.0239112 18.1315 0.126501
128000 -0.0226943 18.2491 0.127501
129000 -0.0220283 18.3669 0.1285
130000 -0.023282 18.4841 0.129501
131000 -0.0228463 18.601 0.130501
132000 -0.0242217 18.7171 0.131501
133000 -0.0246572 18.8326 0.132501
134000 -0.0237957 18.9491 0.1335
135000 -0.0247484 19.0647 0.1345
136000 -0.0248236 19.1797 0.135501
137000 -0.0243978 19.295 0.136501
138000 -0.0253451 19.4094 0.1375
139000 -0.0242045 19.5243 0.1385
140000 -0.0243307 19.6392 0.139501
141000 -0.0251956 19.7539 0.140501
142000 -0.0254232 19.8693 0.141501
143000 -0.0274996 19.9835 0.1425
144000 -0.0259009 20.0979 0.143501
145000 -0.0256753 20.2126 0.1445
146000 -0.0269251 20.3267 0.1455
147000 -0.0284373 20.4399 0.146501
148000 -0.0272394 20.554 0.147501
149000 -0.0261759 20.6689 0.148501
150000 -0.0270705 20.7832 0.1495
151000 -0.0271976 20.8969 0.150501
152000 -0.0257016 21.0117 0.1515
153000 -0.0255359 21.1267 0.152501
154000 -0.0261165 21.2419 0.153501
155000 -0.0284433 21.356 0.1545
156000 -0.0272799 21.4716 0.155501
157000 -0.0270085 21.5895 0.156501
158000 -0.0271394 21.7062 0.1575
159000 -0.0259618 21.8231 0.1585
160000 -0.0253456 21.9404 0.159501
161000 -0.0248484 22.0567 0.160501
162000 -0.0257469 22.1726 0.161501
163000 -0.0258588 22.2885 0.1625
164000 -0.026799 22.4034 0.1635
165000 -0.0253 22.5191 0.164501
166000 -0.0241221 22.6359 0.1655
167000 -0.0238178 22.7521 0.166501
168000 -0.0241975 22.8679 0.1675
169000 -0.024403 22.9829 0.168501
170000 -0.0241604 23.0983 0.1695
171000 -0.025047 23.2126 0.1705
172000 -0.0251006 23.327 0.171501
173000 -0.0260409 23.4405 0.172501
174000 -0.0253275 23.5544 0.173501
175000 -0.0253118 23.6683 0.174501
176000 -0.0258513 23.7821 0.175501
177000 -0.0249822 23.896 0.1765
178000 -0.0245262 24.0102 0.177501
179000 -0.0248581 24.1247 0.1785
180000 -0.0254016 24.2388 0.179501
181000 -0.0252344 24.3528 0.1805
182000 -0.0255196 24.4669 0.1815
183000 -0.0259574 24.5807 0.182501
184000 -0.0255777 24.6943 0.183501
185000 -0.0255212 24.8081 0.184501
186000 -0.0255751 24.9221 0.185501
187000 -0.0266066 25.0354 0.1865
188000 -0.027286 25.1485 0.1875
189000 -0.0277506 25.2611 0.1885
190000 -0.028081 25.3736 0.189501
191000 -0.0278058 25.4862 0.1905
192000 -0.0263771 25.5992 0.191501
193000 -0.0263821 25.7129 0.192501
194000 -0.0266343 25.8262 0.193501
195000 -0.0264063 25.9396 0.1945
196000 -0.0261039 26.0533 0.195501
197000 -0.0270575 26.1665 0.1965
198000 -0.0263407 26.2801 0.197501
199000 -0.0256953 26.3945 0.198501
200000 -0.0248539 26.509 0.1995
